0 0.2220 0.4720 0.0130 0.0240
0 0.2433 0.4677 0.0117 0.0186
0 0.2735 0.4388 0.0054 0.0255
0 0.2784 0.4161 0.0108 0.0199
0 0.2840 0.4600 0.0130 0.0240
0 0.2927 0.4220 0.0114 0.0255
0 0.2993 0.4425 0.0077 0.0217
0 0.3039 0.4087 0.0122 0.0248
0 0.3139 0.4273 0.0077 0.0149
0 0.3217 0.4009 0.0091 0.0304
0 0.3648 0.4500 0.0139 0.0304
0 0.3737 0.4342 0.0102 0.0186
0 0.3787 0.4171 0.0094 0.0217
0 0.3864 0.3984 0.0094 0.0255
0 0.3987 0.4171 0.0108 0.0217
0 0.4000 0.4391 0.0100 0.0186
0 0.4165 0.4568 0.0094 0.0205
0 0.4417 0.4339 0.0085 0.0217
0 0.4450 0.4137 0.0139 0.0186
0 0.4605 0.4205 0.0063 0.0248
0 0.4660 0.4363 0.0077 0.0205
0 0.4809 0.4043 0.0068 0.0236
0 0.4855 0.4342 0.0085 0.0186
0 0.4922 0.4568 0.0077 0.0168
0 0.5080 0.4121 0.0085 0.0255
0 0.5129 0.4373 0.0094 0.0149
0 0.5283 0.4127 0.0077 0.0205
0 0.5341 0.4339 0.0085 0.0217
0 0.5377 0.4078 0.0077 0.0205
0 0.5438 0.4634 0.0091 0.0199
0 0.5566 0.4363 0.0114 0.0267
0 0.5697 0.4677 0.0085 0.0248
0 0.6102 0.4329 0.0060 0.0236
0 0.6237 0.4500 0.0068 0.0267
0 0.6450 0.4620 0.0130 0.0240
0 0.6726 0.4491 0.0125 0.0186
0 0.6776 0.4727 0.0117 0.0186
0 0.6978 0.4624 0.0071 0.0217
0 0.1650 0.5580 0.0150 0.0280
0 0.1860 0.5600 0.0160 0.0280
0 0.1900 0.5120 0.0150 0.0280
0 0.2200 0.5200 0.0150 0.0280
0 0.2437 0.4978 0.0108 0.0217
0 0.2620 0.4950 0.0140 0.0260
0 0.3490 0.5200 0.0150 0.0280
0 0.3872 0.4972 0.0077 0.0304
0 0.4150 0.4850 0.0140 0.0260
0 0.4150 0.5250 0.0150 0.0280
0 0.4420 0.4880 0.0140 0.0260
0 0.4500 0.5280 0.0150 0.0280
0 0.4720 0.4950 0.0140 0.0260
0 0.5037 0.4904 0.0108 0.0168
0 0.5120 0.5220 0.0150 0.0280
0 0.5520 0.5200 0.0150 0.0280
0 0.5897 0.4922 0.0117 0.0304
0 0.6020 0.5250 0.0150 0.0280
0 0.6020 0.5650 0.0170 0.0300
0 0.6880 0.5220 0.0140 0.0260
0 0.7000 0.4950 0.0130 0.0240
0 0.7180 0.4980 0.0130 0.0240
0 0.7320 0.5250 0.0140 0.0260
0 0.7420 0.5620 0.0150 0.0280
0 0.7550 0.5220 0.0140 0.0260
0 0.0897 0.5857 0.0162 0.0323
0 0.1000 0.6300 0.0170 0.0300
0 0.1380 0.5880 0.0170 0.0300
0 0.1700 0.6120 0.0170 0.0300
0 0.2180 0.5720 0.0160 0.0280
0 0.3090 0.6280 0.0200 0.0360
0 0.3310 0.5820 0.0160 0.0280
0 0.4100 0.5750 0.0170 0.0300
0 0.4520 0.5820 0.0170 0.0300
0 0.4950 0.5750 0.0170 0.0300
0 0.5390 0.5680 0.0170 0.0300
0 0.8300 0.6120 0.0160 0.0280
0 0.8535 0.6025 0.0131 0.0385
0 0.1280 0.6480 0.0180 0.0320
0 0.2720 0.6800 0.0210 0.0380
0 0.4080 0.6480 0.0180 0.0320