0 0.2350 0.4720 0.0140 0.0260
0 0.2720 0.4750 0.0140 0.0260
0 0.2805 0.4356 0.0081 0.0227
0 0.3000 0.4750 0.0140 0.0260
0 0.3029 0.4519 0.0114 0.0123
0 0.3241 0.4157 0.0065 0.0196
0 0.3266 0.4552 0.0114 0.0166
0 0.3409 0.4209 0.0049 0.0215
0 0.3462 0.4457 0.0091 0.0184
0 0.3611 0.4224 0.0130 0.0184
0 0.3730 0.4010 0.0088 0.0245
0 0.4220 0.4550 0.0130 0.0240
0 0.4322 0.4427 0.0065 0.0245
0 0.4533 0.4500 0.0097 0.0184
0 0.4606 0.4181 0.0114 0.0245
0 0.4768 0.4632 0.0146 0.0166
0 0.4780 0.4350 0.0120 0.0220
0 0.5080 0.4620 0.0130 0.0240
0 0.5096 0.4326 0.0107 0.0264
0 0.5300 0.4473 0.0114 0.0276
0 0.5560 0.4270 0.0178 0.0276
0 0.5660 0.4586 0.0120 0.0258
0 0.6280 0.4750 0.0140 0.0260
0 0.6384 0.4479 0.0114 0.0264
0 0.6506 0.4798 0.0097 0.0227
0 0.7310 0.4552 0.0104 0.0227
0 0.7557 0.4623 0.0143 0.0208
0 0.1000 0.5580 0.0170 0.0300
0 0.1320 0.5620 0.0170 0.0300
0 0.1620 0.5320 0.0150 0.0280
0 0.1900 0.5380 0.0150 0.0280
0 0.2180 0.5380 0.0150 0.0280
0 0.2450 0.5180 0.0140 0.0260
0 0.2520 0.5620 0.0170 0.0300
0 0.2780 0.5180 0.0140 0.0260
0 0.3880 0.5380 0.0150 0.0280
0 0.4020 0.4850 0.0140 0.0260
0 0.4280 0.5380 0.0150 0.0280
0 0.4400 0.4900 0.0140 0.0260
0 0.4720 0.4900 0.0140 0.0260
0 0.4720 0.5380 0.0150 0.0280
0 0.5020 0.5420 0.0150 0.0280
0 0.5080 0.4920 0.0140 0.0260
0 0.5380 0.4920 0.0140 0.0260
0 0.5820 0.5480 0.0150 0.0280
0 0.5980 0.4950 0.0140 0.0260
0 0.6180 0.5480 0.0150 0.0280
0 0.6900 0.5420 0.0150 0.0280
0 0.7338 0.4844 0.0114 0.0258
0 0.7594 0.5074 0.0088 0.0264
0 0.7808 0.4972 0.0114 0.0245
0 0.7920 0.5380 0.0150 0.0280
0 0.7995 0.5049 0.0097 0.0276
0 0.8264 0.5135 0.0104 0.0227
0 0.8957 0.5638 0.0114 0.0264
0 0.1700 0.5650 0.0170 0.0300
0 0.2020 0.5780 0.0180 0.0320
0 0.3420 0.6280 0.0210 0.0380
0 0.3780 0.5720 0.0170 0.0300
0 0.4480 0.6380 0.0210 0.0380
0 0.4580 0.5720 0.0170 0.0300
0 0.5520 0.5920 0.0200 0.0360
0 0.5980 0.6020 0.0200 0.0360
0 0.7080 0.6320 0.0210 0.0380
0 0.7280 0.5820 0.0180 0.0320
0 0.8532 0.5822 0.0120 0.0264
0 0.8749 0.5720 0.0107 0.0245